61 61
109 109
124 124
149 149
151 151
157 157
163 163
166 166
172 172
181 181
193 193
199 199
201 201
211 211
213 213
214 214
217 217
233 233
236 236
237 237
241 241
244 244
249 249
253 253
259 259
261 261
262 262
265 265
268 268
271 271
277 277
281 281
283 283
284 284
286 286
292 292
295 295
298 298
301 301
307 307
309 309
310 310
313 313
317 317
319 319
329 329
331 331
334 334
337 337
340 340
341 341
343 343
349 349
353 353
355 355
356 356
358 358
364 364
366 366
367 367
369 369
376 376
379 379
382 382
388 388
393 393
394 394
397 397
403 403
406 406
409 409
412 412
413 413
415 415
417 417
419 419
421 421
424 424
428 428
429 429
430 430
431 431
433 433
436 436
446 446
449 449
452 452
453 453
454 454
457 457
460 460
461 461
463 463
466 466
469 469
471 471
472 472
474 474
477 477
478 478
481 481
487 487
489 489
490 490
491 491
493 493
496 496
497 497
500 500
501 501
502 502
508 508
509 509
511 511
512 512
513 513
517 517
519 519
521 521
523 523
524 524
526 526
532 532
533 533
535 535
536 536
537 537
538 538
540 540
541 541
543 543
547 547
548 548
549 549
550 550
553 553
554 554
556 556
559 559
561 561
562 562
565 565
566 566
569 569
571 571
581 581
583 583
586 586
589 589
591 591
593 593
596 596
597 597
598 598
599 599
601 601
604 604
605 605
606 606
607 607
609 609
610 610
611 611
613 613
614 614
617 617
619 619
622 622
628 628
629 629
631 631
633 633
634 634
636 636
637 637
639 639
640 640
641 641
643 643
645 645
647 647
649 649
652 652
653 653
654 654
655 655
657 657
661 661
662 662
664 664
666 666
667 667
669 669
670 670
673 673
679 679
681 681
682 682
683 683
685 685
686 686
687 687
688 688
691 691
692 692
693 693
694 694
700 700
701 701
703 703
705 705
709 709
713 713
716 716
717 717
718 718
719 719
721 721
724 724
733 733
737 737
739 739
741 741
742 742
745 745
746 746
748 748
749 749
750 750
751 751
753 753
754 754
757 757
758 758
763 763
764 764
765 765
766 766
769 769
771 771
772 772
773 773
775 775
778 778
781 781
787 787
789 789
790 790
794 794
796 796
797 797
801 801
802 802
804 804
805 805
806 806
807 807
808 808
809 809
811 811
814 814
815 815
821 821
823 823
826 826
829 829
830 830
831 831
832 832
833 833
834 834
835 835
838 838
844 844
845 845
846 846
847 847
849 849
851 851
852 852
853 853
854 854
856 856
857 857
859 859
861 861
862 862
863 863
864 864
865 865
868 868
869 869
871 871
872 872
873 873
875 875
877 877
879 879
881 881
883 883
886 886
889 889
892 892
893 893
907 907
908 908
911 911
913 913
916 916
917 917
919 919
921 921
922 922
926 926
927 927
928 928
929 929
931 931
932 932
937 937
939 939
941 941
942 942
944 944
945 945
946 946
947 947
948 948
949 949
950 950
951 951
953 953
954 954
955 955
956 956
958 958
964 964
965 965
967 967
969 969
970 970
971 971
972 972
973 973
974 974
976 976
977 977
979 979
981 981
988 988
989 989
991 991
995 995
996 996
997 997
998 998
999 999
1000 1000
